Galois Field : GF(2)
Number of variables (n) : 20
Number of polynomials (m) : 40
Seed : 0
Order : graded reverse lex order

*********************
0 0 0 1 0 1 1 1 0 0 1 1 0 1 0 0 1 1 1 1 0 0 1 0 0 0 0 1 0 0 1 1 0 1 1 0 0 1 1 0 0 1 0 1 0 0 1 0 1 1 1 1 1 0 1 0 0 1 1 0 1 1 1 1 1 0 1 1 1 0 0 1 1 0 0 0 0 0 0 1 0 1 0 0 1 1 1 0 0 0 0 0 1 0 1 0 1 1 0 1 0 1 0 1 0 1 0 1 0 0 0 0 1 1 0 1 1 1 0 0 1 0 0 0 0 1 0 0 0 0 1 1 1 1 1 0 0 0 0 0 1 0 0 1 0 0 1 1 1 0 1 1 1 1 0 0 1 1 0 0 0 1 1 0 1 1 1 0 0 1 1 1 1 1 0 1 1 1 0 0 0 0 0 0 1 1 1 1 1 0 1 0 0 1 1 0 0 1 0 0 0 1 0 0 1 1 1 0 0 0 1 0 0 1 0 1 0 0 1 1 1 1 1 1 0 0 0 1 1 0 0 ;
0 0 0 1 0 1 0 1 1 0 0 0 0 0 1 0 1 0 0 0 0 0 1 0 1 1 0 1 1 0 0 1 0 1 0 0 1 0 0 0 0 0 0 1 1 1 0 1 1 0 1 0 0 0 1 0 0 1 0 1 1 1 0 1 1 0 1 0 0 0 1 1 0 1 1 1 0 1 0 1 0 1 1 1 1 1 1 1 0 0 1 1 0 0 0 1 1 1 0 1 0 1 1 0 0 1 1 0 0 0 1 1 1 0 0 0 1 1 0 0 1 1 0 1 1 0 1 0 1 1 1 1 1 1 0 1 0 1 0 1 1 1 0 1 0 1 0 1 0 0 0 1 0 0 1 1 0 1 0 0 1 1 1 1 0 1 0 0 1 0 1 0 1 1 0 1 1 1 0 0 1 0 1 0 0 0 1 1 1 1 0 1 0 0 0 1 1 0 1 1 1 0 1 1 1 1 1 1 0 0 0 1 0 1 0 1 0 0 0 0 1 1 0 0 0 1 0 1 0 1 0 ;
1 1 0 0 1 1 1 1 1 1 0 1 1 1 0 0 0 0 0 0 0 0 0 0 0 1 0 0 0 0 0 1 0 1 1 1 1 0 1 0 0 1 1 0 1 1 1 1 1 0 1 0 0 0 0 1 0 1 0 0 0 1 1 0 1 0 1 1 1 1 0 1 1 1 1 1 1 0 1 0 1 1 1 1 0 1 0 0 1 0 1 1 0 1 1 1 1 1 1 0 1 1 1 0 0 0 0 1 0 0 0 1 0 0 1 0 1 1 1 1 1 0 1 1 1 1 1 0 0 0 0 0 1 1 1 1 0 1 1 1 0 1 0 1 0 0 1 0 1 1 0 1 0 0 0 0 0 0 1 1 1 0 1 0 0 0 0 0 0 1 1 1 1 1 1 0 1 1 1 1 1 1 1 1 0 1 0 0 0 0 1 0 0 1 0 1 1 0 1 0 1 0 0 0 1 0 1 0 1 1 0 0 0 1 1 1 0 1 0 0 1 0 1 1 0 0 1 1 0 0 1 ;
1 0 1 1 0 1 1 0 1 1 0 1 0 1 1 0 1 0 1 0 0 1 0 0 0 1 0 0 1 0 1 0 1 0 0 1 0 1 1 0 0 1 0 1 1 1 1 0 0 1 1 1 0 0 0 1 1 1 1 1 0 0 0 0 1 1 0 0 0 1 1 1 1 1 0 0 0 1 1 1 1 0 1 1 1 0 1 1 0 1 0 1 0 0 1 1 1 0 1 0 1 0 0 0 1 1 1 0 0 1 1 1 0 1 0 0 0 0 1 1 1 0 1 0 1 0 0 1 1 0 1 0 1 1 0 0 1 0 0 1 1 1 1 0 0 1 0 0 1 0 0 0 0 1 1 0 1 0 0 1 1 0 0 1 1 1 1 1 1 1 1 0 1 1 0 0 0 1 0 0 0 0 1 0 0 1 0 1 1 1 0 1 0 0 1 0 0 1 0 0 0 1 0 0 1 0 1 1 0 1 1 1 0 0 0 0 0 0 1 1 1 0 1 1 1 1 1 0 0 1 1 ;
0 0 0 0 1 0 1 0 1 1 1 0 0 1 1 0 1 0 1 1 1 0 0 0 0 1 1 0 1 1 1 1 1 1 0 0 0 0 0 0 1 0 1 0 0 0 1 1 1 1 1 0 1 1 1 0 0 0 1 0 1 0 0 0 0 1 1 0 1 0 1 1 0 0 1 0 1 0 1 0 0 1 0 1 0 0 0 1 1 0 1 1 1 1 1 0 1 1 1 1 0 1 1 0 1 0 0 0 1 0 0 0 0 0 1 0 1 1 1 0 0 0 1 0 0 1 1 1 0 0 0 0 0 1 1 1 1 1 0 1 0 1 1 0 0 0 1 1 0 0 0 0 1 0 1 1 0 0 0 0 0 1 1 1 1 0 0 0 0 0 1 0 1 1 1 1 0 1 0 1 1 0 0 0 0 0 0 0 1 1 0 0 1 0 1 0 0 0 1 0 1 1 1 1 1 1 1 1 1 1 0 0 0 1 1 0 0 1 0 1 0 1 0 0 0 1 1 1 1 1 1 ;
0 0 1 1 0 1 0 1 0 1 1 0 0 0 0 1 0 0 1 1 0 1 0 0 1 1 1 0 0 0 0 1 0 0 1 1 1 1 0 1 0 1 0 0 0 1 0 0 0 0 0 0 0 1 0 0 0 0 0 0 0 0 0 1 1 1 0 0 0 1 0 0 1 0 0 1 1 1 0 0 1 1 0 0 0 0 0 1 0 0 0 0 1 0 0 1 1 1 0 1 1 1 1 1 0 1 1 0 1 0 0 1 1 0 1 0 0 0 0 1 0 0 1 0 0 0 0 1 1 0 0 1 1 0 0 0 1 0 1 1 1 1 1 0 0 0 1 0 1 0 1 0 1 1 1 1 1 1 1 1 1 1 0 1 0 0 1 0 1 0 1 1 1 0 0 0 0 0 0 1 1 0 0 1 0 0 0 0 0 0 1 1 0 0 0 1 0 0 0 1 1 0 0 1 1 1 0 0 0 0 1 0 1 0 0 1 1 1 0 0 1 0 0 0 0 0 0 1 0 0 0 ;
0 0 1 0 1 1 0 0 1 1 0 0 1 0 0 0 1 0 1 1 0 1 1 0 0 1 0 1 0 1 1 0 1 0 1 1 1 1 1 0 0 0 0 0 1 1 0 0 1 0 0 0 0 1 1 0 0 1 0 1 1 0 0 1 0 0 1 0 1 0 0 0 1 0 0 1 1 1 0 0 0 1 0 1 0 0 1 0 0 0 0 0 1 1 1 1 1 1 0 0 1 1 0 0 1 0 0 1 1 0 0 1 1 1 1 0 1 1 1 1 1 1 0 0 1 1 1 1 0 0 1 1 0 1 0 0 0 0 0 0 1 1 0 0 1 0 1 1 1 1 1 1 1 1 0 0 0 0 0 1 0 0 1 0 1 1 0 1 1 1 1 1 0 1 0 0 1 0 1 1 1 0 0 0 1 0 0 0 1 0 1 0 0 0 1 1 0 0 1 1 0 1 0 1 0 0 1 1 0 1 0 0 1 0 0 1 1 0 0 0 0 0 0 1 1 1 0 1 1 1 1 ;
0 0 0 1 0 0 1 0 1 1 1 1 0 1 1 0 0 0 0 0 0 0 0 1 0 1 0 1 0 1 1 1 1 1 1 0 0 1 1 0 0 1 1 1 0 0 0 0 1 1 1 1 0 1 0 1 1 1 1 0 1 1 1 0 0 0 1 0 1 0 0 1 1 1 0 1 1 0 0 0 0 0 0 1 1 0 0 1 1 1 0 0 1 1 0 1 0 0 1 1 1 0 1 0 0 0 0 0 0 1 0 0 0 0 1 1 1 1 0 0 1 1 0 0 0 0 1 1 1 1 0 0 1 0 1 0 1 1 1 1 0 1 0 1 1 0 1 0 1 1 1 1 0 1 1 1 0 0 1 1 1 1 1 0 1 0 0 0 0 1 0 0 0 1 0 0 0 0 0 1 0 0 1 1 1 1 0 0 0 0 0 1 1 0 0 1 1 0 0 0 0 1 0 0 0 1 0 1 0 0 0 0 0 1 0 1 0 0 0 0 0 1 0 0 0 1 1 0 0 0 1 ;
0 1 1 1 0 1 0 1 0 1 0 0 0 0 0 0 1 0 1 1 1 1 0 1 0 0 0 0 1 0 1 0 1 0 0 0 1 0 1 1 1 1 1 1 1 0 0 1 1 0 1 1 1 0 1 0 1 0 0 1 1 1 1 1 1 0 1 0 0 0 1 1 0 1 1 1 0 0 1 0 0 1 0 0 1 0 0 1 0 0 1 1 1 0 1 1 1 0 0 0 0 1 0 1 1 1 0 1 1 1 0 1 0 0 0 0 0 1 1 1 1 0 1 0 1 0 0 1 0 0 0 1 0 0 1 0 1 1 0 1 1 1 0 0 0 1 1 1 1 1 0 1 0 0 1 0 1 1 1 1 0 1 1 1 1 0 1 1 1 1 1 0 0 0 0 1 0 1 1 0 1 0 1 0 0 1 1 0 0 1 1 1 1 1 1 1 0 0 0 0 0 0 1 0 1 1 0 1 1 0 1 0 1 0 1 1 0 1 0 0 0 0 1 1 1 1 1 1 0 0 1 ;
1 1 0 0 1 0 0 0 0 0 1 1 0 0 0 1 1 0 0 0 1 0 1 0 1 1 0 1 1 1 0 1 0 1 0 0 1 0 0 0 0 0 0 1 0 0 1 1 0 1 0 0 0 0 0 1 0 1 0 0 1 0 0 0 1 1 0 0 0 1 0 0 1 1 0 0 0 1 0 1 0 0 1 0 1 0 1 1 0 0 0 0 0 1 0 0 1 0 0 1 0 1 0 0 1 1 1 1 0 1 1 1 0 0 0 1 0 0 0 0 0 0 0 1 0 1 0 1 1 0 1 0 1 1 0 0 1 1 1 1 0 0 1 0 0 1 0 1 0 1 0 1 1 0 1 0 0 0 0 1 0 0 1 1 1 1 1 0 0 1 1 0 0 0 0 1 0 1 1 0 0 0 0 1 1 1 1 1 1 1 1 0 1 0 1 0 0 0 0 1 1 1 0 1 0 1 0 0 0 0 0 1 1 1 0 0 0 1 0 1 0 1 1 1 1 1 1 1 0 1 1 ;
0 1 1 1 0 1 0 0 0 1 0 0 0 1 1 0 0 1 1 0 1 0 0 0 1 0 1 1 1 0 0 0 1 1 1 1 0 1 1 1 0 1 0 1 1 0 1 1 1 1 0 0 1 0 0 1 0 0 0 0 1 1 1 0 0 1 1 1 1 0 0 0 0 0 1 0 1 1 0 1 1 0 0 1 0 1 0 0 0 0 0 1 0 0 0 0 1 1 0 1 1 1 0 1 1 0 0 1 1 1 0 1 0 1 1 0 1 1 1 1 0 0 1 1 0 0 1 0 1 1 1 0 0 0 0 1 1 0 1 1 0 0 1 0 1 1 1 1 0 1 1 0 1 1 0 0 1 0 1 1 1 1 0 1 1 1 0 0 1 0 1 1 1 1 1 0 0 0 0 0 0 1 1 0 1 0 1 1 1 1 0 1 0 1 1 1 1 0 0 0 1 0 0 1 0 0 1 1 0 1 0 1 0 0 1 1 1 0 0 1 0 0 0 1 1 0 1 0 0 0 1 ;
1 1 0 0 1 1 0 1 0 1 0 1 1 1 0 1 0 1 1 1 1 0 0 0 0 0 1 1 0 1 1 0 1 0 1 0 0 1 1 1 0 1 1 0 1 0 1 1 1 0 0 0 0 0 1 1 0 0 0 0 1 0 0 1 0 0 0 0 0 1 0 0 0 0 1 0 0 0 0 1 1 0 1 1 0 0 0 0 1 1 0 1 0 1 0 0 0 0 0 1 0 0 0 0 0 1 0 1 1 0 0 1 0 0 1 0 0 1 1 1 0 0 1 0 1 1 1 1 1 0 1 1 1 1 0 1 1 0 0 1 0 0 0 1 0 0 0 0 0 1 0 0 1 0 0 0 1 1 0 1 0 0 1 1 1 0 1 0 0 0 1 0 0 0 0 0 1 1 0 1 1 0 1 1 1 1 0 1 1 0 1 1 1 0 1 0 0 1 1 0 1 0 1 1 0 0 0 1 1 0 1 0 0 1 1 0 1 1 0 0 0 1 1 0 0 1 0 0 1 0 1 ;
1 1 0 1 1 1 0 1 1 0 1 1 1 0 0 1 1 0 1 1 1 0 0 1 1 0 0 0 1 0 0 0 0 0 1 0 1 1 0 0 0 1 1 1 0 0 1 1 0 1 1 1 1 1 0 1 1 1 1 0 0 1 1 1 1 1 0 0 1 0 1 0 0 1 1 0 0 1 1 0 0 1 1 0 0 0 1 1 0 0 0 0 0 0 0 1 0 0 1 0 0 0 0 1 0 1 0 1 0 0 0 0 0 1 0 0 0 1 0 0 1 1 0 0 0 1 1 0 0 1 1 0 0 1 1 0 0 0 1 1 0 0 0 0 0 1 0 1 1 1 1 1 0 0 1 0 1 1 0 0 1 1 1 0 0 0 0 1 1 1 0 1 1 1 0 0 1 1 1 0 1 0 1 1 1 0 0 0 0 0 1 1 0 1 0 1 1 1 0 1 0 1 1 0 1 1 0 0 1 0 0 1 0 0 0 1 0 1 1 1 0 1 1 0 1 1 1 0 1 0 1 ;
1 1 0 0 0 1 1 0 0 1 1 1 0 0 1 1 0 1 1 0 0 0 1 1 1 1 0 1 0 0 0 0 1 0 1 1 1 0 0 0 0 0 0 0 1 1 1 0 1 1 1 0 0 0 0 0 1 0 0 1 1 1 1 0 0 0 1 1 1 1 0 1 1 0 1 1 1 1 1 1 0 0 1 1 1 0 0 0 0 0 0 1 0 0 0 0 1 1 0 0 1 0 1 0 1 0 0 0 1 0 0 1 0 0 0 0 0 0 1 0 0 1 1 0 1 0 0 1 1 0 0 0 1 0 1 0 0 0 1 1 1 1 1 1 0 1 1 0 0 1 0 1 0 0 0 1 1 1 0 1 1 0 0 0 0 1 0 0 1 0 1 0 1 0 1 0 0 1 0 1 0 0 1 0 1 1 0 1 0 1 1 1 0 0 0 1 0 1 1 0 0 1 1 0 1 0 0 1 1 1 0 0 1 1 0 0 0 1 1 0 0 1 0 0 0 0 1 0 1 0 0 ;
1 1 0 0 1 0 0 0 1 0 1 1 0 0 1 1 0 0 0 1 1 1 1 1 0 1 0 1 1 1 1 1 0 1 1 0 0 0 0 1 1 0 1 0 0 1 0 0 1 0 1 0 1 0 0 1 0 1 1 0 1 0 0 1 0 1 0 0 0 1 1 1 1 0 1 0 0 1 1 1 0 1 0 1 1 0 0 1 1 1 1 0 1 1 1 1 0 0 0 0 1 1 1 1 1 0 1 0 0 1 0 0 1 0 0 0 1 1 0 1 0 1 0 0 1 0 0 0 0 1 0 0 1 1 0 0 1 0 0 0 0 0 0 1 1 0 0 1 0 1 0 0 1 1 0 0 1 0 0 0 1 1 0 1 0 1 1 1 0 0 1 0 1 1 1 0 0 0 0 1 0 1 1 1 0 0 0 0 1 1 0 0 0 1 0 0 0 1 0 1 0 0 0 0 1 1 0 0 1 1 0 1 0 1 0 1 1 0 1 0 1 1 0 0 0 0 0 1 0 1 0 ;
1 0 0 0 1 0 0 1 1 1 1 1 1 1 0 1 1 1 0 0 1 1 1 1 0 0 1 1 1 0 0 0 0 1 0 1 1 0 0 0 0 0 1 1 1 0 0 0 0 1 0 0 1 1 0 1 0 1 1 1 1 1 1 1 1 1 0 0 1 1 1 0 0 1 0 0 0 1 0 1 0 1 0 0 1 1 0 1 0 1 1 1 1 0 1 1 1 1 0 1 1 0 0 0 0 0 0 1 0 0 1 0 1 1 0 0 0 1 0 0 1 0 1 0 0 1 0 1 0 1 1 1 0 1 0 0 1 0 1 0 1 1 1 0 0 1 1 0 1 0 0 1 1 0 1 1 1 0 0 1 1 0 0 1 1 1 0 1 1 0 1 0 1 0 1 0 0 0 1 1 1 1 1 1 0 1 0 0 0 1 0 1 1 1 1 0 1 0 1 0 0 0 1 1 1 0 1 1 0 1 1 1 1 1 1 0 0 0 0 1 1 0 1 0 1 1 1 1 0 1 1 ;
0 0 1 0 1 0 1 0 0 0 1 0 0 1 1 0 1 1 0 1 0 1 1 0 1 0 0 0 1 1 0 1 1 0 1 0 0 1 1 1 0 0 0 1 1 1 0 0 1 1 1 1 0 1 0 1 0 0 0 0 0 0 1 1 1 0 1 1 1 1 1 1 0 1 0 1 1 0 1 0 1 1 1 1 1 1 1 1 0 1 1 1 1 1 1 0 1 0 0 0 1 1 1 0 1 1 1 0 0 0 0 1 1 0 1 0 1 0 0 1 1 0 0 1 0 1 0 1 0 1 1 1 0 0 0 0 1 0 0 0 1 0 0 0 1 0 1 0 0 1 0 1 1 1 1 0 1 1 0 0 1 1 0 1 0 1 1 1 0 0 0 0 1 0 1 0 1 1 1 0 1 1 0 1 1 1 0 1 1 0 1 0 1 0 0 0 1 0 1 0 0 1 0 0 1 0 0 1 1 0 1 1 1 1 0 1 1 1 0 1 0 0 0 1 1 0 1 1 0 1 1 ;
1 0 0 0 1 0 0 0 1 1 1 1 1 0 0 0 1 1 1 0 1 0 1 1 1 0 0 0 1 1 1 1 0 1 0 0 0 1 1 1 1 0 1 1 1 0 1 0 0 0 0 1 1 0 0 1 1 1 0 1 0 0 1 0 0 0 1 1 1 1 1 1 0 1 1 0 0 1 0 1 1 1 0 0 0 1 1 1 1 1 1 0 0 1 0 0 0 0 0 1 1 1 1 1 0 1 1 0 1 0 0 1 0 1 0 0 1 0 0 0 0 0 0 1 0 0 1 0 1 0 1 1 0 1 1 1 0 0 0 0 0 0 0 1 1 0 0 1 1 0 0 0 0 0 0 0 0 1 0 1 0 0 1 0 1 0 0 0 1 0 0 0 1 1 0 1 0 1 0 1 1 0 1 1 0 1 1 1 0 0 1 1 0 0 0 1 1 0 1 1 1 0 0 0 0 0 0 0 0 1 0 0 1 0 0 0 1 0 0 0 0 1 0 1 0 1 0 1 0 1 1 ;
0 0 1 1 1 0 0 1 1 1 1 0 1 0 1 0 0 0 1 1 0 0 0 0 0 0 1 1 0 0 0 1 0 0 0 0 0 0 0 1 1 1 0 0 0 0 0 0 1 1 1 0 0 1 0 0 1 0 1 1 1 0 0 0 0 0 0 0 0 0 1 1 1 0 1 0 0 0 1 1 1 1 1 0 0 0 1 0 1 1 0 0 0 1 1 0 1 0 1 0 1 1 1 0 1 0 1 0 0 0 0 1 1 0 0 1 0 0 1 1 1 0 1 0 1 0 1 0 1 1 1 1 0 0 0 0 1 0 0 1 0 0 0 0 0 0 1 0 0 1 0 0 1 1 1 0 1 0 0 1 1 1 1 1 1 1 1 0 1 0 1 1 0 1 0 1 0 0 0 0 0 1 0 0 1 0 0 0 0 1 1 0 0 1 1 0 1 0 1 1 1 1 0 1 0 1 0 0 1 1 1 1 1 1 0 0 0 1 1 1 1 1 0 1 0 1 1 1 0 0 0 ;
1 1 1 0 1 1 1 0 1 0 1 1 0 1 0 1 0 0 1 1 0 0 0 1 1 0 0 1 1 1 1 1 0 1 0 1 0 0 1 0 1 1 1 0 0 0 0 0 1 1 0 0 0 1 0 0 1 1 1 0 0 1 1 0 0 1 0 0 1 1 0 0 1 1 0 0 0 0 1 0 0 1 0 0 0 0 1 0 0 1 0 0 1 1 0 1 1 1 0 0 1 0 0 0 1 1 1 0 1 1 1 1 1 0 0 0 1 0 1 0 1 0 0 0 1 0 1 0 0 1 0 1 0 0 0 0 0 1 1 0 0 1 1 1 1 0 1 0 1 0 1 0 0 1 1 1 1 1 0 1 0 0 1 0 1 1 0 1 1 0 0 0 1 1 1 1 1 0 0 1 0 0 0 0 1 1 1 1 1 0 1 0 1 0 1 0 1 1 0 1 1 0 0 1 0 0 0 0 0 0 0 1 1 1 0 0 1 0 1 1 1 1 0 1 1 1 1 0 1 1 0 ;
1 0 1 0 1 0 0 0 0 1 1 1 0 0 0 1 0 0 1 1 0 1 0 1 1 0 1 1 0 0 1 1 1 0 1 0 1 0 1 1 1 1 1 1 1 0 1 0 1 1 0 0 1 0 1 1 1 1 0 1 1 1 1 1 1 1 1 1 1 1 1 0 1 1 0 1 1 0 0 1 0 1 1 0 1 0 1 1 1 1 0 1 0 0 0 1 1 1 0 1 0 1 1 1 1 1 0 0 0 1 1 0 0 0 0 0 1 1 1 0 1 0 1 0 0 0 1 1 1 1 0 1 1 1 1 1 1 0 1 0 1 1 0 1 0 1 0 1 0 1 1 0 0 0 1 1 1 0 0 0 1 1 0 1 0 1 1 0 1 0 1 0 0 1 0 1 0 1 0 1 0 0 0 0 0 0 0 0 0 1 1 1 0 1 0 0 1 0 0 0 0 1 0 0 0 0 0 0 1 0 0 0 0 1 0 1 1 1 1 0 1 1 1 0 0 1 1 0 1 1 0 ;
1 0 1 0 0 0 1 1 0 0 1 1 1 1 1 1 1 1 0 0 1 0 0 0 1 1 1 1 0 0 0 0 1 0 0 1 0 0 1 0 0 1 0 1 1 1 0 1 1 0 1 1 1 1 1 0 0 0 0 0 1 0 1 0 0 1 1 0 0 0 0 0 0 1 1 1 0 1 0 1 0 0 1 1 0 1 1 1 0 1 1 0 1 1 0 0 0 0 0 1 1 0 0 1 0 0 0 1 0 0 0 0 0 1 0 0 0 1 1 0 0 0 1 0 1 1 1 0 0 0 0 0 0 1 0 1 0 0 1 1 0 1 1 1 1 1 1 0 1 1 1 1 0 1 0 1 1 0 0 0 0 1 0 1 0 1 0 1 0 1 0 1 0 0 0 0 0 1 1 0 1 1 1 1 1 0 0 1 0 1 0 1 1 1 1 0 0 1 0 1 0 0 0 0 1 1 0 0 0 1 1 0 0 1 1 1 0 1 0 0 0 0 1 0 0 1 1 0 1 1 0 ;
1 0 0 0 0 1 0 1 1 0 1 1 0 1 1 1 0 1 1 1 1 0 1 0 0 0 1 0 0 1 0 1 1 0 0 0 1 0 1 1 1 0 1 0 1 0 0 1 1 1 0 0 0 1 0 0 1 0 1 0 1 1 0 1 1 1 1 0 0 0 0 0 0 1 1 1 1 1 0 1 0 1 0 1 1 0 1 1 0 0 1 0 0 1 1 0 1 0 0 1 0 1 1 0 0 0 1 0 1 0 0 0 1 1 1 0 0 1 0 0 0 0 1 0 1 0 0 0 0 1 1 0 1 0 1 0 1 0 1 0 1 0 1 1 1 1 1 1 1 0 1 0 0 0 1 1 1 1 0 0 0 1 0 0 1 0 1 0 1 0 0 1 0 1 0 1 1 0 0 0 1 1 1 0 1 0 0 1 1 1 0 1 0 1 0 0 1 1 1 1 0 1 1 0 1 0 0 0 1 1 1 1 1 1 0 1 1 0 0 0 0 1 0 0 1 0 1 1 1 0 0 ;
1 0 1 0 0 1 1 0 1 0 0 1 1 1 1 0 0 1 0 0 1 1 0 1 0 0 1 1 0 1 0 1 0 1 0 1 0 1 0 1 1 1 1 0 0 0 0 1 1 0 1 0 0 1 1 1 0 1 0 0 1 1 1 1 0 0 1 1 0 1 0 1 1 0 1 0 1 0 0 0 1 0 0 1 1 1 1 1 0 1 1 0 1 0 1 0 0 0 0 0 1 0 0 0 0 1 0 0 1 1 1 1 1 1 0 0 0 1 0 0 1 0 0 0 1 0 1 0 0 1 1 0 0 1 0 1 0 1 1 0 1 0 1 0 0 1 1 1 1 1 0 0 1 0 1 0 1 0 0 1 1 0 1 1 1 0 0 0 0 1 0 1 0 0 1 1 1 0 0 0 1 1 0 0 1 0 1 0 1 1 1 0 0 1 1 1 0 0 0 1 1 1 0 0 0 0 0 1 1 1 0 0 0 1 0 1 0 1 0 0 0 0 0 1 0 0 1 0 0 1 1 ;
1 1 1 1 0 0 0 0 1 1 0 0 1 1 1 1 1 0 1 0 1 1 1 0 1 0 1 0 0 1 0 0 0 0 1 0 0 0 0 1 0 1 0 1 0 1 0 0 1 0 1 1 0 0 1 0 1 1 1 1 1 0 1 1 0 0 0 1 0 1 1 1 1 0 0 1 0 0 1 1 0 1 1 1 0 1 1 1 1 1 1 0 1 1 1 1 0 0 0 0 1 0 0 1 1 0 0 0 1 0 0 0 0 1 0 0 0 0 0 0 0 1 0 0 0 1 1 0 1 1 1 1 1 1 0 0 1 1 1 1 1 0 0 1 0 0 1 1 0 1 1 1 0 0 0 0 1 0 0 0 1 0 1 0 1 1 1 1 1 0 0 1 0 1 0 0 0 1 0 1 1 0 1 1 1 1 1 0 0 0 0 0 1 0 0 0 1 0 0 0 1 1 1 1 0 1 0 0 1 0 0 0 0 0 0 0 1 1 1 1 1 1 1 1 0 1 0 0 1 0 0 ;
1 0 1 0 1 0 0 1 0 0 0 1 1 0 0 0 1 1 1 1 0 1 0 1 0 0 0 1 0 1 1 0 0 1 1 0 1 0 1 0 1 1 0 1 1 0 1 1 1 0 0 1 0 0 1 1 1 0 0 0 0 1 0 0 0 1 0 0 0 0 0 1 0 1 1 1 1 0 1 1 0 1 0 1 1 1 1 0 1 0 1 1 1 1 0 1 1 0 1 0 1 1 0 1 0 1 0 1 0 0 0 0 1 1 1 1 1 0 0 1 0 0 0 0 1 1 1 1 0 1 1 1 0 0 0 0 0 0 1 0 1 0 1 0 1 0 1 0 0 0 0 0 0 0 1 1 0 1 0 1 0 0 0 1 1 1 1 1 1 0 0 0 0 1 0 1 1 1 1 1 0 0 0 0 1 0 1 0 1 0 1 0 0 1 1 1 0 0 1 0 1 1 0 1 0 1 1 0 0 1 0 1 1 0 0 0 0 1 0 1 1 1 1 1 0 0 0 0 0 0 1 ;
1 0 0 0 1 0 0 1 0 0 0 1 0 1 1 1 0 1 1 0 0 1 1 0 0 1 1 1 1 0 1 0 1 1 0 0 0 0 0 1 0 0 1 1 0 0 1 1 0 0 1 1 0 1 0 0 1 1 0 0 0 1 1 0 0 1 1 1 1 1 1 0 1 0 1 0 0 0 1 0 1 1 1 0 0 0 1 1 0 1 1 0 0 1 0 0 0 0 1 1 1 0 1 1 0 0 0 0 0 1 0 0 1 0 1 1 0 1 0 1 0 1 1 1 1 0 0 0 0 1 0 0 1 0 1 1 1 1 1 0 1 0 0 1 0 0 1 1 0 0 1 1 0 0 0 0 0 0 1 0 1 0 1 0 0 1 0 1 1 1 1 1 1 0 0 0 1 1 1 0 0 1 1 1 1 0 0 0 1 1 0 1 1 1 0 0 1 0 0 0 1 0 1 1 0 1 0 0 1 0 1 1 0 1 0 1 1 1 1 0 0 1 1 0 0 0 0 0 0 1 0 ;
0 0 0 0 1 1 1 0 1 1 0 0 0 0 1 0 1 0 0 1 1 1 1 1 0 1 1 1 0 0 0 0 0 0 0 0 1 0 1 1 1 1 1 1 0 0 0 0 1 0 0 0 1 1 1 1 0 1 1 1 1 1 1 0 1 1 1 1 1 1 1 1 1 0 1 0 1 1 1 1 1 1 1 1 0 0 1 0 0 0 0 1 1 1 0 1 1 1 0 0 1 0 1 0 1 1 1 0 1 0 1 1 1 1 1 0 0 0 0 1 1 0 1 0 1 1 0 1 0 0 1 0 1 0 1 0 1 1 0 0 0 0 0 1 0 0 1 0 1 0 0 0 1 1 0 0 0 1 1 0 0 0 0 1 1 0 0 1 0 1 1 1 0 0 0 1 1 0 1 1 0 1 0 0 0 0 1 1 1 0 0 1 0 1 0 1 0 0 1 1 0 0 1 0 0 1 0 1 1 0 1 1 0 0 0 0 0 0 0 0 0 1 0 0 1 1 1 1 1 1 1 ;
1 0 0 1 1 0 0 0 0 1 1 0 0 1 1 1 1 1 0 1 0 0 0 0 0 0 0 1 0 0 1 0 0 0 0 0 1 1 1 1 0 1 1 0 1 0 1 0 0 1 0 0 0 0 1 1 0 1 1 1 1 1 1 1 1 1 1 0 0 0 0 0 0 0 0 0 1 0 0 0 1 0 0 1 0 1 0 0 1 0 0 1 1 0 0 1 0 1 0 1 1 0 0 0 1 0 0 1 0 0 0 0 0 1 1 0 1 0 1 1 0 1 1 1 1 0 0 0 1 0 0 0 0 1 0 0 1 0 0 0 0 0 0 0 0 0 0 0 0 0 1 0 0 1 0 1 1 1 0 0 1 0 1 1 1 1 0 0 0 0 1 1 0 0 1 1 0 1 1 0 0 0 1 1 0 0 1 1 1 0 0 0 1 1 0 1 1 1 0 0 0 0 0 1 0 1 1 1 0 1 1 1 0 0 1 0 1 1 0 0 1 0 0 0 1 0 1 0 0 1 1 ;
0 1 1 0 1 1 0 0 0 0 0 0 1 1 0 1 0 1 1 1 1 1 1 1 1 1 1 1 0 0 0 0 0 0 0 0 1 0 0 0 1 0 0 1 0 1 0 1 1 1 0 0 0 0 0 0 1 0 1 0 1 1 0 1 1 0 1 1 1 0 1 1 1 0 0 1 1 0 0 0 1 0 0 0 0 1 0 0 0 0 1 1 1 1 1 1 1 1 1 1 0 1 0 0 0 0 1 0 1 0 1 1 1 1 1 1 0 0 0 1 1 1 1 0 0 1 1 0 1 1 0 0 1 0 1 0 1 0 0 0 0 0 0 0 1 0 0 0 1 0 1 0 0 0 1 0 1 0 1 0 0 1 1 0 1 1 0 0 0 0 0 0 1 0 0 0 1 1 1 0 0 0 1 1 1 0 1 1 0 1 0 1 0 0 0 1 0 0 1 1 1 0 1 0 0 1 0 0 0 0 0 0 0 0 0 0 0 1 0 0 1 0 1 0 1 0 0 1 0 0 1 ;
1 1 1 0 1 1 1 0 0 1 0 0 1 1 1 0 1 0 0 0 1 0 0 1 0 0 0 1 0 0 0 1 1 1 1 0 1 1 0 1 0 0 0 1 0 1 0 0 0 0 1 0 0 1 1 0 1 0 0 1 1 0 0 0 0 0 0 0 0 1 0 0 1 0 0 0 1 0 0 0 0 1 0 0 0 1 1 0 1 0 1 1 0 0 1 1 1 1 1 1 0 0 1 1 0 0 0 1 0 1 1 1 0 0 0 0 0 1 1 0 0 1 0 0 0 1 0 1 1 0 0 0 1 1 0 0 0 0 1 0 1 0 1 0 1 0 1 1 1 1 0 1 0 0 0 1 1 0 1 1 1 1 1 1 1 0 1 1 0 0 0 1 1 0 1 0 0 0 1 1 0 1 1 0 0 0 1 0 0 1 1 0 0 1 1 0 0 0 1 1 0 0 0 0 0 0 0 0 1 0 0 1 1 0 0 1 0 0 1 1 0 1 0 0 1 1 0 0 0 1 0 ;
1 1 0 1 1 1 1 0 1 1 0 1 1 0 0 0 0 0 0 0 1 1 0 0 1 1 0 1 0 1 1 0 0 0 1 1 1 1 1 0 0 0 1 1 1 0 1 1 1 1 0 1 0 1 1 1 0 0 0 1 1 1 0 0 0 1 1 0 0 0 1 0 1 0 0 1 0 0 0 1 1 0 1 0 1 1 1 0 1 0 0 1 0 1 0 0 1 0 0 0 1 1 0 1 1 0 0 1 0 1 1 0 0 0 1 1 1 0 1 0 1 1 0 0 1 0 1 1 0 1 1 1 0 0 0 1 1 0 0 0 1 0 0 0 1 0 0 1 0 0 0 1 0 0 0 1 1 1 1 1 1 0 1 0 1 0 0 0 1 1 0 1 0 1 0 1 1 0 0 0 1 0 0 0 1 1 1 0 1 1 1 1 1 1 0 1 1 1 0 1 0 0 1 1 1 1 0 1 0 0 1 0 0 0 0 0 0 1 0 0 1 1 1 0 0 1 0 0 1 1 0 ;
0 1 0 0 0 1 0 1 1 1 1 1 0 1 1 1 0 0 0 0 0 0 0 1 0 1 1 0 1 1 1 0 0 1 0 1 0 1 1 0 1 1 0 0 0 1 1 1 1 1 1 1 0 1 1 1 1 0 0 1 0 1 0 0 1 0 1 1 1 0 0 1 1 1 0 0 1 1 1 0 0 1 0 0 0 1 1 0 1 0 1 1 0 1 0 0 1 0 0 1 0 1 1 0 0 0 1 1 1 0 0 0 0 1 0 0 1 1 1 1 1 1 0 0 1 0 1 1 1 1 1 1 0 1 1 1 0 0 1 0 1 0 1 0 0 0 1 0 0 0 0 1 0 1 0 0 0 1 1 1 1 1 0 1 0 0 1 1 1 1 0 1 0 1 0 1 1 1 0 1 0 1 1 1 0 0 0 0 0 0 0 0 1 0 1 1 0 1 1 0 0 0 1 0 1 0 1 0 1 1 0 1 1 1 1 1 0 1 1 1 1 1 1 1 1 1 1 1 0 0 0 ;
1 0 1 0 0 0 0 0 1 0 0 1 0 0 0 0 1 1 1 1 1 1 1 1 1 1 1 0 1 0 1 1 1 0 1 0 0 0 1 0 1 1 0 0 1 0 1 1 1 0 1 1 1 0 1 1 0 0 0 0 1 0 0 1 0 1 0 0 1 0 0 0 1 0 0 1 1 1 0 1 1 0 1 0 1 0 1 0 0 1 0 0 0 0 1 0 1 0 0 1 0 1 0 1 0 0 0 1 1 0 1 1 1 0 1 0 0 0 0 0 1 1 1 0 0 1 0 0 1 0 1 0 0 1 1 0 1 1 0 1 1 0 1 1 0 0 1 1 0 0 1 0 1 1 0 1 0 1 1 0 0 1 0 0 1 0 0 0 1 0 0 0 1 0 0 1 0 1 1 1 0 0 1 0 1 0 1 1 1 1 0 0 0 1 1 0 1 0 0 1 0 0 0 1 0 1 0 1 1 0 1 0 1 1 1 1 1 0 0 0 1 0 1 0 1 0 1 1 0 0 1 ;
1 1 0 0 0 1 0 1 1 1 0 1 0 1 1 1 0 0 1 0 0 0 1 1 0 1 0 1 0 1 1 0 1 0 1 1 1 0 0 1 0 0 1 0 0 1 1 0 1 1 1 1 0 1 1 0 0 1 1 1 0 0 0 1 0 1 0 1 1 0 0 1 0 1 1 0 1 0 1 1 1 0 0 1 0 1 0 0 1 0 0 1 1 1 0 0 0 0 0 1 1 1 1 1 1 1 0 0 0 0 0 1 1 1 0 0 1 1 1 1 1 0 1 0 1 0 1 1 1 1 0 0 0 1 0 0 0 0 0 0 0 1 1 0 0 0 1 1 1 1 0 0 0 0 0 0 1 0 0 0 0 1 0 0 1 0 1 0 1 1 0 1 0 0 0 1 1 0 0 0 0 1 1 1 1 1 1 1 1 0 1 1 1 0 1 1 0 1 1 1 0 0 0 1 1 1 1 0 0 0 0 1 0 1 0 1 1 0 0 1 0 1 0 1 1 0 0 0 1 0 0 ;
1 1 1 1 0 1 1 1 1 0 0 1 0 1 0 1 1 0 1 0 1 0 1 0 1 1 0 1 0 0 0 1 1 0 0 1 0 1 0 0 0 0 0 0 1 1 0 0 1 0 1 0 0 1 0 1 1 0 0 1 0 0 1 0 1 1 0 0 0 1 0 1 1 1 0 1 0 1 1 1 1 0 0 0 0 1 1 1 1 1 1 1 1 0 0 1 1 0 0 1 1 0 0 0 0 0 1 0 0 1 0 1 0 0 1 0 1 0 1 0 1 1 1 0 0 1 1 0 1 0 1 1 0 1 0 1 1 1 1 1 1 0 0 1 0 0 0 0 0 0 1 0 1 0 0 1 1 1 0 0 0 0 0 0 0 0 1 1 0 0 0 0 1 1 0 0 0 1 1 1 1 1 0 1 0 1 1 0 1 0 1 1 1 1 1 0 0 1 0 1 0 1 1 1 1 0 1 0 0 0 0 1 0 0 1 1 0 0 1 1 1 1 0 1 0 1 1 1 0 1 0 ;
0 0 0 1 1 0 1 0 1 0 1 0 1 1 1 1 0 1 1 1 0 0 0 0 0 0 0 0 1 0 0 0 1 1 1 0 0 1 1 0 1 1 1 1 0 1 0 0 1 0 0 0 0 0 0 0 1 1 1 0 1 1 0 0 0 1 1 1 1 0 0 0 1 1 1 1 1 1 1 1 0 1 1 0 1 1 1 0 0 0 1 1 0 0 1 1 1 0 1 1 1 0 1 0 0 0 1 0 0 1 1 0 1 1 0 0 0 1 1 1 0 0 0 1 0 0 0 1 1 1 1 0 1 0 0 1 1 1 1 0 0 0 1 1 1 0 1 1 0 0 0 1 0 1 1 0 0 1 1 1 1 0 0 0 1 0 1 0 0 0 1 0 1 0 0 0 1 1 1 0 1 0 1 0 0 1 0 1 0 1 1 1 0 1 1 1 0 0 0 0 0 0 0 0 0 1 1 0 1 1 0 0 1 0 1 1 1 0 1 1 1 1 1 0 1 1 1 1 1 1 1 ;
1 0 0 1 1 0 1 0 0 0 1 1 1 0 1 0 1 0 0 0 1 1 1 1 1 1 1 0 0 1 0 1 0 0 1 1 0 0 1 0 0 0 1 1 1 0 1 0 1 0 1 0 1 0 1 0 1 1 1 0 1 0 0 0 0 1 0 1 1 1 0 0 0 0 0 1 1 1 0 1 0 0 1 0 0 1 0 0 0 1 1 1 1 1 0 0 0 0 0 0 1 0 1 1 1 1 1 1 1 1 0 1 1 1 1 0 1 0 1 0 1 0 1 1 1 1 1 0 1 0 1 1 0 0 0 1 0 0 1 1 1 0 0 1 0 0 0 1 0 0 1 1 1 0 0 1 1 1 1 1 0 1 0 0 0 0 1 1 1 0 1 1 1 1 1 1 1 1 0 0 0 1 1 1 0 0 0 1 0 1 1 1 0 1 1 1 1 0 1 0 0 0 1 0 0 0 1 0 0 1 0 1 1 0 0 1 0 0 1 0 0 0 1 1 0 0 1 1 1 1 0 ;
1 0 0 0 1 1 0 0 0 1 0 1 1 1 1 0 0 0 1 0 1 0 1 1 1 1 1 1 0 1 0 1 0 1 0 0 0 1 1 1 1 1 1 0 1 1 1 1 1 1 0 1 1 0 1 1 1 0 1 0 1 1 1 1 1 1 1 1 1 1 1 1 1 1 1 1 1 0 0 0 0 0 1 0 1 0 0 0 1 1 1 1 0 0 1 1 0 0 1 1 1 1 0 0 0 0 1 1 0 0 0 0 1 0 1 1 1 1 0 0 0 0 0 0 0 0 1 1 1 0 0 0 0 0 1 1 1 0 1 1 0 1 1 0 1 1 1 1 0 1 0 1 0 0 1 1 1 1 0 0 1 0 0 0 1 1 1 0 1 0 1 0 1 1 0 0 1 0 0 0 1 0 1 0 0 1 1 0 0 1 0 1 1 1 1 1 1 0 1 1 1 1 1 1 0 1 0 0 0 1 1 0 0 1 1 0 0 1 1 0 1 1 1 0 0 1 1 0 1 1 0 ;
0 0 1 0 0 0 0 0 0 0 0 0 1 1 1 1 0 0 0 1 0 0 0 0 0 1 1 0 1 1 1 0 0 1 1 1 1 0 0 1 1 1 0 0 1 0 1 0 1 1 1 0 0 1 1 1 1 0 0 0 1 0 0 1 0 0 0 0 0 1 0 1 1 0 0 1 0 1 1 0 1 0 0 0 0 0 0 1 0 0 1 1 1 1 1 1 0 1 1 0 0 0 1 1 1 1 0 1 1 1 0 0 0 0 1 0 0 0 1 0 0 0 1 1 1 1 1 0 0 0 1 0 0 1 1 0 0 1 0 0 1 0 1 1 0 0 0 1 1 1 0 1 0 0 0 0 0 1 1 0 0 1 1 1 1 1 1 0 0 1 0 0 0 0 0 0 0 1 0 0 0 1 1 1 1 1 1 1 0 1 0 1 1 1 0 0 0 0 1 1 1 0 1 0 0 0 0 1 0 1 0 1 0 1 0 1 0 1 0 0 1 1 0 1 0 1 1 0 1 0 0 ;
